1411479413 257
1411479697 257
1411479948 257
1429890030 257
1431861316 2517
1431861512 2517
1431862905 6889
1431939520 12017
1431939548 14480
1431939565 14480
1431939943 14487
1431940050 14487
1432025378 15331
1432025440 15331
1432027917 16965
1432218760 17401
1432221614 17287
1432222998 22026
1432224192 22911
1432224629 22914
1432225723 22938
1432545951 23876
1432546338 23876
1433420512 24402
1433429318 24667
1433433766 25168
1433434192 25145
1433491742 25145
1433491829 25145
1433491948 25145
1433492033 25145
1433492116 25145
1433492562 25145
1433493167 25179
1433493383 25179
1433493614 25179
1433493688 25179
1433493946 25154
1433497631 25465
1433497719 25465
1433501797 25526
1433501856 25526
1433501927 25542
1433501935 25542
1433534233 25915
1433584434 26291
1433584873 26312
1433619309 26464
1433630218 26594
1433630650 26603
1433715262 27156
1433715610 27156
1433760173 27433
1433761677 27433
1433768673 27444
1433768779 27444
1433768935 27452
1433768952 27452
1433769033 27452
1433769428 27452
1433771767 27479
1433773879 27479
1433774326 27479
1433774723 27477
1433775310 27497
1433779589 27741
1433802213 28053
1433838101 28053
1433838318 28053
1433838388 28053
1433838742 28053
1433838907 28051
1433839115 28052
1433840666 28054
1433840728 28054
1433841049 28054
1433841216 28055
1433841305 28055
1433841403 28053
1433843974 28123
1433844500 28123
1433844595 28123
1433844662 28123
1433844738 28123
1433844764 28130
1433845914 28207
1433846044 28206
1433846230 28196
1433847725 28196
1433847763 28198
1433847824 28199
1433848243 28062
1433848357 28062
1433854228 28049
1433854320 28050
1433854371 28051
1433854448 28054
1433854629 28054
1433854649 28054
1433854672 28054
1433854684 28054
1433854758 28054
1433854872 28072
1433854942 28073
1433854986 28075
1433855058 28076
1433855295 28094
1433855494 28098
1433855596 28098
1433855710 28112
1433855873 28128
1433967930 28237
1433969920 28237
1433969943 28237
1434718596 28619
1434718725 28619
1434718876 28619
1434718989 28617
1434719035 28618
1434719064 28618
1434719364 28640
1434719408 28640
1434720435 28563
1434720578 28563
1434720822 28563
1434721074 28563
1434721220 28563
1434723464 28532
1434723495 28532
1434724492 28534
1434724827 28534
1434724915 28534
1434731940 28847
1434969668 29721
1434969782 29721
1434969833 29721
1434969897 29721
1434978114 30044
1434978201 30044
1434978233 30044
1434978290 30044
1434978405 30044
1434978616 30044
1434978669 30044
1434978699 30044
1434979031 30055
1434979331 30049
1434979627 29988
1434979986 29985
1434981279 30074
1434981392 30074
1434981781 30073
1434981965 30073
1434982150 30073
1434982256 30073
1434988919 30073
1434989022 30073
1434989086 30073
1435006036 30074
1435006342 30076
1435006396 30076
1435006456 30076
1435074746 30199
1435075758 30203
1435086229 30203
1435086276 30203
1435086777 30206
1435086965 30203
1435096917 30236
1435097059 30236
1435099922 30236
1435328729 32065
1435594770 33776
1457445792 0
1457445811 0
1457445840 0
1457445973 0
1460130443 0
1460131707 0
1460131736 0
1460131803 0
